positive\0001.jpg 3 1700 417 212 172 1429 261 118 159 346 459 92 118
positive\1739257926.7800663.jpg 2 756 194 49 64 704 67 38 59
positive\1739257932.328692.jpg 2 375 306 67 84 919 252 59 71
positive\1739257940.4558074.jpg 6 647 239 41 57 767 158 47 63 948 152 42 60 896 206 56 63 885 251 33 36 914 253 46 50
positive\1739257943.5820262.jpg 5 414 326 43 90 214 461 77 93 773 47 38 55 159 214 46 52 25 274 53 64
positive\1739257950.3385491.jpg 10 337 259 41 63 962 307 39 60 1010 232 32 62 986 283 46 55 849 131 25 31 782 110 26 42 558 121 48 43 546 140 51 34 489 111 28 26 665 122 22 54
positive\1739257956.1689193.jpg 3 1086 176 72 94 758 217 58 85 512 206 37 42
positive\1739257961.8719947.jpg 2 795 219 55 92 381 149 57 70
positive\1739258012.4497983.jpg 9 668 211 52 50 608 136 53 47 486 70 42 36 320 79 41 50 489 21 24 29 869 277 70 71 585 65 25 18 185 35 36 21 134 115 31 25
positive\1739258019.7809753.jpg 9 392 250 58 56 386 444 53 59 485 420 44 53 857 655 59 46 1023 650 52 60 902 425 44 48 948 485 38 55 1062 428 42 58 728 94 36 69
positive\1739258023.5520716.jpg 6 782 341 49 57 565 596 84 60 870 143 55 60 910 122 44 56 171 61 63 49 1059 244 43 46
positive\1739258026.3219366.jpg 11 741 155 36 48 696 104 49 51 677 83 27 44 628 97 31 38 539 107 31 40 503 125 44 42 549 168 28 27 507 43 36 28 689 155 28 22 754 124 47 41 1126 572 87 66
positive\1739258030.131701.jpg 7 856 167 35 61 555 230 52 48 987 334 60 52 792 352 46 52 740 355 40 49 765 370 43 71 664 394 56 67
positive\1739258033.3208325.jpg 9 254 98 55 52 291 101 28 39 308 82 44 47 342 92 48 52 413 97 64 47 445 44 51 52 510 68 45 54 344 272 53 48 891 413 53 61
positive\1739258047.401117.jpg 5 212 283 59 50 979 367 54 71 510 283 58 53 869 175 52 41 989 170 37 48
positive\1739258056.3319945.jpg 2 420 278 84 66 515 301 41 71
positive\1739258065.7112238.jpg 7 471 161 46 42 558 125 42 48 603 157 49 47 701 143 51 47 1214 136 48 41 900 158 60 46 689 97 38 25
positive\1739258070.761025.jpg 9 612 155 46 42 456 290 60 45 590 243 51 50 777 233 57 48 969 311 52 52 1007 532 59 55 102 245 66 47 101 61 47 49 930 6 45 59
positive\1739258076.726297.jpg 4 582 596 75 52 413 271 62 43 555 137 42 39 621 100 39 40
positive\1739258085.235188.jpg 3 680 228 48 47 418 337 62 59 219 483 63 56
positive\1739258193.6438859.jpg 3 735 140 28 30 650 104 32 28 870 113 24 28
positive\1739258203.0639846.jpg 8 674 394 55 70 1115 524 56 75 915 206 51 54 220 167 44 55 258 124 33 40 87 130 28 34 276 155 30 27 702 88 33 28
positive\1739258207.5481722.jpg 7 432 301 57 67 494 220 47 64 575 178 51 76 454 128 36 57 1036 101 33 33 935 94 47 38 1097 97 41 41
positive\1739258211.3557744.jpg 8 414 203 42 60 521 161 41 60 465 182 43 52 251 627 68 69 41 591 52 69 624 556 43 55 866 532 66 66 968 221 46 60
positive\1739258215.2623134.jpg 4 137 457 68 67 934 337 39 76 938 185 34 66 722 115 41 53
positive\1739258219.7987614.jpg 2 795 299 45 82 431 291 42 56
positive\1739258276.248377.jpg 8 345 298 54 59 431 209 43 51 456 160 58 56 444 284 60 48 171 305 52 48 224 203 46 64 641 86 47 48 614 58 50 58
positive\1739258286.290347.jpg 3 266 541 88 48 873 589 84 76 1094 323 41 79
positive\1739258290.6572492.jpg 9 492 295 54 40 459 217 55 50 479 148 38 56 426 167 47 42 596 248 65 48 649 224 41 63 753 218 42 52 629 173 52 58 657 98 48 52
positive\1739258297.7646143.jpg 9 370 321 41 50 317 140 53 61 417 116 39 54 489 107 32 55 578 125 41 49 624 142 58 56 624 199 46 52 549 245 45 46 470 185 38 45
positive\1739258331.902399.jpg 5 853 233 47 42 768 185 37 34 840 164 55 43 759 143 39 33 663 186 46 32
positive\1739258340.1769083.jpg 6 310 283 45 46 317 227 38 33 527 133 40 47 633 92 40 40 1104 242 45 39 873 146 42 47
positive\1739258347.9239285.jpg 4 595 155 56 45 515 56 47 43 789 356 46 46 1036 193 45 59
positive\1739258393.296252.jpg 3 543 139 43 52 708 247 60 49 639 65 24 31
positive\1739258401.0484278.jpg 14 986 461 69 82 834 170 42 63 371 139 38 55 210 182 42 55 422 86 34 39 406 134 39 61 1092 115 40 59 840 97 37 47 707 58 65 82 466 92 36 58 560 70 32 34 495 68 65 56 911 56 37 33 761 11 37 30
positive\1739258406.5264695.jpg 16 195 515 93 90 126 283 60 74 329 94 40 58 412 124 44 65 486 139 46 62 530 142 38 61 648 83 39 61 734 91 31 55 705 178 40 58 892 157 32 62 831 160 62 97 794 268 92 98 980 229 40 55 972 290 37 64 1160 472 52 85 1197 385 40 73
positive\1739258445.9721851.jpg 5 803 511 59 97 729 235 45 59 260 188 44 42 95 137 22 22 783 167 25 28
positive\1739258450.1490972.jpg 8 143 449 67 69 72 419 67 70 503 181 37 58 720 253 37 65 735 187 36 55 1081 205 38 44 1142 377 52 63 842 155 32 49
positive\1739258507.1351259.jpg 10 831 347 54 54 764 227 59 49 803 194 41 49 902 122 55 60 438 122 57 60 327 290 70 61 110 230 53 49 132 121 43 50 92 73 50 56 968 43 43 61
positive\1739258512.6531165.jpg 5 1032 239 47 49 705 163 51 59 660 46 48 74 1140 567 75 83 1023 433 64 68
positive\1739258521.539614.jpg 10 498 241 45 50 569 219 43 59 648 212 46 60 704 235 40 38 740 221 37 39 752 226 41 41 795 223 34 59 678 142 37 53 645 142 44 43 531 146 49 43
positive\1739258547.2428143.jpg 7 747 214 48 52 844 213 38 42 930 187 40 43 873 247 42 40 996 335 36 49 713 485 53 46 1085 580 61 49
positive\1739258557.058245.jpg 7 723 191 39 42 665 115 46 38 489 68 46 37 398 164 44 43 242 434 59 47 849 164 40 34 960 193 40 40
positive\1739258564.843605.jpg 5 738 352 45 46 580 173 48 45 348 138 51 47 362 236 41 48 252 238 42 37
positive\1739258607.7930524.jpg 4 294 238 48 53 744 141 39 44 744 64 39 37 551 88 38 43
positive\1739258615.099282.jpg 12 776 250 37 67 485 582 32 69 843 595 44 67 710 133 36 43 753 124 37 46 186 218 33 43 105 89 34 30 930 56 27 22 870 46 22 20 1053 133 31 34 1190 163 40 56 1242 86 24 39
positive\1739258621.127479.jpg 8 489 179 52 61 609 181 51 53 795 439 48 65 873 521 48 64 1004 254 40 55 974 136 35 59 938 86 25 31 1141 104 26 40
positive\1739258624.1242106.jpg 7 122 263 43 61 75 152 37 37 387 414 61 53 105 617 62 75 921 308 43 51 1140 203 43 39 584 125 41 55
positive\1739258627.7997963.jpg 8 294 449 58 67 117 335 57 69 435 146 34 57 329 92 34 34 740 83 26 28 927 173 45 55 804 130 29 46 905 352 59 68
